275,0
274,3
274,2
274,1
274,0
273,5
273,4
273,3
273,2
273,1
273,0
272,3
272,2
272,1
272,0
271,9
271,8
271,7
271,6
271,5
271,4
271,3
271,2
271,1
271,0
270,5
270,4
270,3
270,2
270,1
270,0
269,4
269,3
269,2
269,1
269,0
268,13
268,12
268,11
268,10
268,9
268,8
268,7
268,6
268,5
268,4
268,3
268,2
268,1
268,0
267,3
267,2
267,1
267,0
266,3
266,2
266,1
266,0
265,4
265,3
265,2
265,1
265,0
264,3
264,2
264,1
264,0
263,3
263,2
263,1
263,0
262,5
262,4
262,3
262,2
262,1
262,0
261,4
261,3
261,2
261,1
261,0
260,11
260,10
260,9
260,8
260,7
260,6
260,5
260,4
260,3
260,2
260,1
260,0
259,5
259,4
259,3
259,2
259,1
259,0
258,5
258,4
258,3
258,2
258,1
258,0
257,5
257,4
257,3
257,2
257,1
257,0
256,5
256,4
256,3
256,2
256,1
256,0
255,3
255,2
255,1
255,0
254,4
254,3
254,2
254,1
254,0
253,3
253,2
253,1
253,0
252,3
252,2
252,1
252,0
251,4
251,3
251,2
251,1
251,0
250,4
250,3
250,2
250,1
250,0
249,4
249,3
249,2
249,1
249,0
248,6
248,5
248,4
248,3
248,2
248,1
248,0
247,9
247,8
247,7
247,6
247,5
247,4
247,3
247,2
247,1
247,0
246,4
246,3
246,2
246,1
246,0
245,5
245,4
245,3
245,2
245,1
245,0
4,3
2,66
2,65
2,64
2,35
2,34
2,33
2,32
2,31
2,30
2,29
2,28
2,27
2,26
2,25
2,24
2,23
2,22
2,21
2,20
2,18
2,17
2,16
2,15
2,14
2,13
2,12
2,11
2,10
2,9
2,8
2,7
2,6
2,5
2,4
2,3
1,5
1,4
1,3
0,431
0,430
0,429
0,428
0,427
0,426
0,425
0,424
0,423
0,422
0,243
0,9
0,0
0,1
275,1
275,2
276,0
276,1
276,3
277,0
277,2
278,0
278,1
278,3
279,0
279,2
280,0
280,1
280,3
281,0
281,2
281,3
281,5
281,7
281,8
282,0
282,1
282,3
282,5
283,0
283,2
283,3
284,0
284,1
284,3
284,5
285,0
285,2
285,3
286,1
286,3
287,0
287,2
287,3
288,0
288,1
288,3
289,0
289,1
289,3
289,4
290,1
290,3
291,0
291,2
291,3
292,0
292,2
292,3
293,1
293,2
293,4
294,0
294,2
294,4
294,5
294,7
294,8
295,0
295,2
295,3
295,5
295,6
296,1
296,2
297,0
297,2
297,3
298,1
298,2
298,4
298,6
298,7
298,9
298,10
298,12
298,13
298,15
298,17
298,18
298,20
298,21
298,23
298,25
298,26
298,28
298,29
298,31
298,33
298,34
298,36
298,37
298,39
298,40
299,0
299,2
299,3
300,1
300,2
300,4
300,6
300,7
300,9
300,10
300,12
300,13
300,15
300,17
300,18
300,20
300,21
300,23
300,25
300,26
300,28
300,29
300,31
300,32
300,34
300,36
300,37
300,39
300,40
300,42
300,44
300,45
300,47
300,48
300,50
300,51
300,53
300,55
300,56
300,58
300,59
300,61
300,63
300,64
300,66
300,67
301,0
301,2
301,3
302,1
302,2
303,0
303,1
303,3
304,0
304,1
304,3
304,4
305,0
305,2
305,3
306,1
306,2
306,4
307,0
307,2
307,4
308,0
308,2
308,3
309,1
309,3
309,4
310,1
310,2
310,4
310,5
310,7
310,9
311,0
311,2
311,3
311,5
312,1
312,2
312,4
312,5
313,1
313,3
313,4
314,1
314,2
315,0
315,1
315,3
315,5
315,6
315,8
315,9
316,1
316,3
316,4
317,0
317,1
317,3
317,4
318,1
318,3
319,0
319,2
319,3
320,1
320,3
321,0
321,2
321,3
321,5
321,6
322,0
322,2
322,3
322,5
322,6
323,1
323,3
324,0
324,2
324,3
325,0
325,1
325,3
326,1
326,2
326,4
327,0
327,2
327,4
328,0
328,2
328,3
328,5
329,1
329,2
329,4
330,0
330,2
330,3
331,0
331,2
331,3
332,1
332,2
333,0
333,2
333,3
334,0
334,1
334,3
335,0
335,2
336,0
336,1
336,3
336,4
337,1
337,3
337,4
338,1
338,2
338,4
338,5
338,7
338,9
338,10
338,12
338,13
338,15
338,17
338,18
338,20
338,21
338,23
338,25
338,26
338,28
338,29
338,31
338,32
338,34
338,36
338,37
338,39
338,40
338,42
338,44
339,0
339,2
339,3
339,5
339,6
339,8
339,10
339,11
339,13
339,14
339,16
339,18
339,19
340,0
340,1
340,3
340,4
341,1
341,3
341,4
341,6
342,0
342,2
342,4
342,5
343,1
343,2
343,4
343,6
344,0
344,2
344,3
345,0
345,1
345,3
345,5
347,0
347,2
347,3
348,1
348,3
349,0
349,2
349,3
349,5
350,0
350,2
350,4
350,5
351,0
351,1
351,3
352,0
352,1
352,3
353,0
353,2
353,3
354,1
354,3
354,4
355,1
355,2
356,0
356,2
356,3
356,5
356,6
357,0
357,1
357,3
358,1
358,2
358,4
359,0
359,2
359,4
359,5
360,1
360,2
360,4
361,0
361,1
361,3
362,0
362,2
362,3
363,1
363,3
364,0
364,2
364,3
365,0
365,2
365,3
366,1
366,2
367,0
367,1
367,3
368,0
368,1
368,3
368,4
369,1
369,3
370,0
370,2
370,3
370,5
370,6
371,1
371,3
371,4
372,0
372,1
372,3
372,5
372,6
372,8
373,0
373,2
373,4
373,5
374,1
374,2
374,4
374,5
375,0
375,2
375,3
376,0
376,1
376,3
376,5
377,0
377,2
377,3
378,0
378,1
378,3
379,1
379,2
380,0
380,1
380,3
381,0
381,1
381,3
381,4
382,0
382,1
382,3
383,1
383,2
384,0
384,1
384,3
385,1
385,2
385,4
385,5
386,1
386,2
387,0
387,2
387,3
388,0
388,1
388,3
389,1
389,2
389,4
389,5
389,7
389,9
389,10
389,12
389,13
389,15
389,16
390,1
390,3
390,4
391,1
391,2
391,4
392,0
392,1
392,3
392,4
393,1
393,2
394,0
394,2
394,3
394,5
394,6
394,8
394,10
394,11
395,1
395,2
396,0
396,1
396,3
396,5
396,6
396,8
397,0
397,2
397,4
398,0
398,2
398,3
399,0
399,2
399,3
400,1
400,2
400,4
401,0
401,2
402,0
402,1
402,3
403,0
403,2
404,0
404,1
404,3
405,0
405,2
405,3
405,5
406,1
406,2
406,4
407,0
407,2
407,4
407,5
408,0
408,1
408,3
408,4
409,0
409,2
409,3
409,5
410,0
410,2
411,0
411,1
411,3
412,0
412,2
412,3
413,1
413,3
414,0
414,2
414,3
415,0
415,2
415,3
416,0
416,1
416,3
417,1
417,2
417,4
418,0
418,2
418,3
419,1
419,3
419,4
420,1
420,2
421,0
421,2
421,3
421,5
421,6
422,1
422,2
422,4
423,1
423,2
423,4
424,0
424,2
425,0
425,1
425,3
425,4
426,1
426,2
426,4
426,6
427,0
427,2
427,3
428,1
428,3
429,0
429,2
429,3
429,5
429,7
429,8
429,10
429,11
429,13
430,0
430,2
430,4
431,0
431,2
431,3
432,0
432,2
432,3
433,0
433,1
433,3
434,0
434,2
434,4
434,5
434,7
434,8
435,1
435,3
435,4
435,6
436,0
436,2
436,3
436,5
436,7
436,8
437,1
437,2
437,4
438,0
438,1
438,3
439,0
439,2
440,0
440,1
440,3
441,0
441,2
441,3
442,1
442,3
442,4
443,1
443,2
444,0
444,2
444,3
445,1
445,2
445,4
446,0
446,2
446,4
446,5
447,0
447,1
447,3
447,5
447,6
448,1
448,2
448,4
448,5
449,0
449,2
449,3
449,5
450,0
450,2
451,0
451,1
451,3
452,0
452,2
452,3
453,1
453,3
453,4
454,0
454,1
454,3
455,0
455,1
455,3
455,4
456,0
456,2
456,3
457,0
457,1
457,3
458,0
458,2
459,0
459,1
459,3
459,4
459,6
460,1
460,2
461,0
461,1
461,3
461,4
462,1
462,3
462,4
463,0
463,1
463,3
463,5
464,0
464,2
464,3
465,1
465,2
465,4
466,0
466,1
466,3
466,4
467,1
467,3
467,4
468,0
468,1
468,3
469,1
469,2
469,4
470,0
470,2
470,3
471,0
471,2
471,3
471,5
471,6
472,0
472,2
472,3
473,1
473,2
473,4
480,0
480,2
481,0
481,1
481,3
482,0
482,2
483,0
483,1
483,3
484,0
484,2
484,3
485,1
485,3
486,0
486,2
486,3
487,1
487,3
488,0
488,2
488,3
489,1
489,2
490,0
490,2
490,3
491,1
491,2
491,4
492,0
492,1
492,3
492,4
493,1
493,3
493,4
497,1
497,2
498,0
498,1
498,3
499,1
499,2
500,0
500,1
500,3
501,1
501,2
501,4
501,5
502,0
502,1
502,3
503,1
503,2
503,4
504,0
504,2
505,0
505,1
505,3
505,4
506,1
506,2
506,4
507,1
507,2
508,0
508,1
508,3
530,1
530,2
531,0
531,1
531,3
531,5
531,6
531,8
531,9
531,11
531,12
531,14
531,16
531,17
531,19
531,20
531,22
531,24
531,25
531,27
531,28
531,30
532,0
532,2
533,0
533,1
533,3
533,4
534,0
534,2
534,3
535,1
535,2
539,0
539,1
539,3
541,1
541,2
541,4
544,0
544,2
545,0
545,1
545,3
545,4
547,0
547,1
547,3
548,1
548,2
549,0
549,1
549,3
550,1
550,2
551,0
551,1
551,3
552,1
552,2
554,0
554,1
554,3
554,4
554,6
555,1
555,2
555,4
601,0
601,2
602,0
602,1
602,3
603,0
603,2
603,3
607,1
607,3
607,4
607,2
607,0
603,1
602,2
601,3
601,1
555,3
555,0
554,5
554,2
552,3
552,0
551,2
550,3
550,0
549,2
548,3
548,0
547,2
545,5
545,2
544,3
544,1
541,3
541,0
539,2
535,3
535,0
534,1
533,5
533,2
532,3
532,1
531,29
531,26
531,23
531,21
531,18
531,15
531,13
531,10
531,7
531,4
531,2
530,3
530,0
508,2
507,3
507,0
506,3
506,0
505,2
504,3
504,1
503,3
503,0
502,2
501,6
501,3
501,0
500,2
499,3
499,0
498,2
497,3
497,0
493,2
493,0
492,2
491,5
491,3
491,0
490,1
489,3
489,0
488,1
487,2
487,0
486,1
485,2
485,0
484,1
483,2
482,3
482,1
481,2
480,3
480,1
473,3
473,0
472,1
471,7
471,4
471,1
470,4
470,1
469,3
469,0
468,2
467,5
467,2
467,0
466,2
465,5
465,3
465,0
464,1
463,4
463,2
462,5
462,2
462,0
461,2
460,3
460,0
459,5
459,2
458,3
458,1
457,2
456,4
456,1
455,5
455,2
454,4
454,2
453,5
453,2
453,0
452,1
451,2
450,3
450,1
449,4
449,1
448,6
448,3
448,0
447,4
447,2
446,6
446,3
446,1
445,3
445,0
444,1
443,3
443,0
442,2
442,0
441,1
440,2
439,3
439,1
438,2
437,5
437,3
437,0
436,6
436,4
436,1
435,5
435,2
435,0
434,6
434,3
434,1
433,2
432,4
432,1
431,4
431,1
430,3
430,1
429,12
429,9
429,6
429,4
429,1
428,2
428,0
427,1
426,5
426,3
426,0
425,2
424,3
424,1
423,3
423,0
422,3
422,0
421,4
421,1
420,3
420,0
419,2
419,0
418,1
417,3
417,0
416,2
415,4
415,1
414,4
414,1
413,2
413,0
412,1
411,2
410,3
410,1
409,4
409,1
408,5
408,2
407,6
407,3
407,1
406,3
406,0
405,4
405,1
404,2
403,3
403,1
402,2
401,3
401,1
400,3
400,0
399,1
398,4
398,1
397,3
397,1
396,7
396,4
396,2
395,3
395,0
394,9
394,7
394,4
394,1
393,3
393,0
392,2
391,5
391,3
391,0
390,2
390,0
389,14
389,11
389,8
389,6
389,3
389,0
388,2
387,4
387,1
386,3
386,0
385,3
385,0
384,2
383,3
383,0
382,2
381,5
381,2
380,4
380,2
379,3
379,0
378,2
377,4
377,1
376,4
376,2
375,4
375,1
374,6
374,3
374,0
373,3
373,1
372,7
372,4
372,2
371,5
371,2
371,0
370,4
370,1
369,2
369,0
368,2
367,4
367,2
366,3
366,0
365,1
364,4
364,1
363,2
363,0
362,1
361,2
360,5
360,3
360,0
359,3
359,1
358,3
358,0
357,2
356,7
356,4
356,1
355,3
355,0
354,2
354,0
353,1
352,2
351,4
351,2
350,6
350,3
350,1
349,4
349,1
348,2
348,0
347,1
345,4
345,2
344,4
344,1
343,5
343,3
343,0
342,3
342,1
341,5
341,2
341,0
340,2
339,20
339,17
339,15
339,12
339,9
339,7
339,4
339,1
338,43
338,41
338,38
338,35
338,33
338,30
338,27
338,24
338,22
338,19
338,16
338,14
338,11
338,8
338,6
338,3
338,0
337,2
337,0
336,2
335,3
335,1
334,2
333,4
333,1
332,3
332,0
331,1
330,4
330,1
329,3
329,0
328,4
328,1
327,3
327,1
326,3
326,0
325,2
324,4
324,1
323,2
323,0
322,4
322,1
321,7
321,4
321,1
320,2
320,0
319,1
318,2
318,0
317,2
316,5
316,2
316,0
315,7
315,4
315,2
314,3
314,0
313,2
313,0
312,3
312,0
311,4
311,1
310,8
310,6
310,3
310,0
309,2
309,0
308,1
307,3
307,1
306,3
306,0
305,1
304,5
304,2
303,4
303,2
302,3
302,0
301,1
300,68
300,65
300,62
300,60
300,57
300,54
300,52
300,49
300,46
300,43
300,41
300,38
300,35
300,33
300,30
300,27
300,24
300,22
300,19
300,16
300,14
300,11
300,8
300,5
300,3
300,0
299,1
298,41
298,38
298,35
298,32
298,30
298,27
298,24
298,22
298,19
298,16
298,14
298,11
298,8
298,5
298,3
298,0
297,1
296,3
296,0
295,4
295,1
294,9
294,6
294,3
294,1
293,3
293,0
292,1
291,4
291,1
290,2
290,0
289,2
288,4
288,2
287,4
287,1
286,2
286,0
285,1
284,4
284,2
283,4
283,1
282,4
282,2
281,9
281,6
281,4
281,1
280,2
279,3
279,1
278,2
277,3
277,1
276,2
275,3
0,413
0,412
0,411
0,394
0,300
0,299
0,298
0,297
0,296
0,295
0,294
0,293
0,292
0,291
0,290
0,289
0,288
0,287
0,286
0,285
0,284
0,283
0,282
0,281
0,280
0,279
0,278
0,277
0,276
0,275
0,274
0,273
0,272
0,271
0,270
0,269
0,268
0,267
0,266
0,265
0,264
0,263
0,262
0,261
0,260
0,259
0,258
0,257
0,256
0,255
0,254
0,253
0,252
0,251
0,250
0,249
0,248
0,247
0,246
0,245
0,244
0,242
0,241
0,240
0,239
0,238
0,237
0,236
0,235
0,234
0,233
0,232
0,231
0,230
0,229
0,228
0,227
0,226
0,225
0,224
0,223
0,222
0,221
0,220
0,219
0,218
0,217
0,216
0,215
0,214
0,213
0,212
0,211
0,210
0,209
0,208
0,207
0,206
0,205
0,204
0,203
0,202
0,201
0,200
0,199
0,198
0,197
0,196
0,195
0,194
0,193
0,192
0,63
0,62
0,61
0,60
0,59
0,58
0,57
0,56
0,55
0,54
0,53
0,52
0,51
0,50
0,49
0,48
0,47
0,46
0,45
0,6
0,5
0,304
0,303
0,306
0,305
0,302
0,420
0,12
0,421
0,10
0,393
0,8
0,409
0,11
0,4
0,2
0,3
0,7
